5 6 118 0.000000
12 9 128 0.309490
12 8 130 0.000000
12 8 129 0.000000
12 8 128 0.224760
11 15 128 0.588566
11 14 128 0.656650
11 13 128 0.676177
11 12 128 0.656650
11 11 128 0.588566
11 10 128 0.499826
12 9 130 0.000000
11 9 128 0.371182
11 15 127 0.694427
11 15 126 0.770548
11 14 127 0.742754
11 14 126 0.828223
11 13 127 0.783331
11 13 126 0.873015
11 12 127 0.742754
11 12 126 0.828223
11 11 127 0.694427
11 11 126 0.770548
11 8 128 0.309490
12 10 128 0.463094
12 10 129 0.309490
12 10 130 0.224760
13 12 130 0.224760
13 11 131 0.000000
13 11 130 0.224760
13 10 131 0.000000
13 10 130 0.000000
13 9 131 0.000000
13 9 130 0.000000
13 8 130 0.000000
12 15 130 0.309490
12 15 129 0.371182
12 15 128 0.499826
12 14 130 0.309490
12 14 129 0.463094
12 14 128 0.588566
12 13 130 0.309490
12 13 129 0.463094
12 13 128 0.613072
12 12 130 0.309490
12 12 129 0.463094
12 12 128 0.588566
12 11 130 0.309490
12 11 129 0.371182
12 11 128 0.499826
11 10 127 0.588566
13 12 131 0.000000
11 10 126 0.694427
11 9 126 0.588566
9 12 125 0.944925
9 12 124 0.976023
9 12 123 0.993288
9 11 125 0.908150
9 11 124 0.944925
9 11 123 0.964144
9 10 125 0.856404
9 10 124 0.880736
9 10 123 0.914214
9 9 125 0.757042
9 13 123 1.000000
9 9 124 0.795445
9 8 125 0.635682
9 8 124 0.694427
9 8 123 0.727611
8 15 123 0.960710
8 15 122 0.930720
8 15 121 0.901785
8 14 123 0.988854
8 14 122 0.973320
8 14 121 0.930720
8 13 123 0.999531
9 9 123 0.838086
9 13 124 0.993288
9 13 125 0.976023
9 14 123 0.993288
11 8 127 0.371182
11 8 126 0.499826
10 15 126 0.806938
10 15 125 0.873015
10 14 126 0.873015
10 14 125 0.919989
10 13 126 0.908150
10 13 125 0.953242
10 12 126 0.873015
10 12 125 0.919989
10 11 126 0.806938
10 11 125 0.873015
10 10 126 0.742754
10 10 125 0.806938
10 9 126 0.656650
10 9 125 0.742754
10 8 126 0.588566
10 8 125 0.613072
9 15 125 0.908150
9 15 124 0.944925
9 15 123 0.964144
9 14 125 0.944925
9 14 124 0.976023
11 9 127 0.499826
13 12 132 0.000000
13 13 130 0.224760
13 13 131 0.000000
11 21 127 0.000000
11 21 126 0.000000
11 20 127 0.224760
11 20 126 0.224760
11 19 127 0.309490
11 19 126 0.420949
11 18 127 0.371182
11 18 126 0.499826
11 17 127 0.499826
11 17 126 0.588566
11 22 126 0.000000
11 16 127 0.588566
10 22 126 0.000000
10 22 125 0.000000
10 21 126 0.000000
10 21 125 0.224760
10 20 126 0.224760
10 20 125 0.309490
10 19 126 0.420949
10 19 125 0.463094
10 18 126 0.588566
10 18 125 0.613072
11 16 126 0.694427
11 16 128 0.499826
11 17 128 0.371182
11 18 128 0.309490
13 18 130 0.000000
13 17 131 0.000000
13 17 130 0.000000
13 16 131 0.000000
13 16 130 0.000000
12 21 128 0.000000
12 20 129 0.000000
12 20 128 0.000000
12 19 130 0.000000
12 19 129 0.000000
12 19 128 0.000000
12 18 130 0.000000
12 18 129 0.000000
12 18 128 0.224760
12 17 130 0.000000
12 17 129 0.224760
12 17 128 0.309490
12 16 130 0.224760
12 16 129 0.309490
12 16 128 0.463094
11 21 128 0.000000
11 20 128 0.000000
11 19 128 0.224760
10 17 126 0.656650
10 17 125 0.742754
10 16 126 0.742754
10 16 125 0.806938
8 21 122 0.224760
8 21 121 0.224760
8 20 123 0.420949
8 20 122 0.420949
8 20 121 0.371182
8 19 123 0.588566
8 19 122 0.588566
8 19 121 0.499826
8 18 123 0.727611
8 18 122 0.694427
8 18 121 0.635682
8 17 123 0.838086
8 17 122 0.795445
8 17 121 0.742754
8 16 123 0.914214
8 16 122 0.873015
8 16 121 0.828223
13 15 131 0.000000
13 15 130 0.224760
13 14 132 0.000000
13 14 131 0.000000
13 14 130 0.224760
13 13 132 0.000000
8 21 123 0.224760
8 13 122 0.985192
8 22 121 0.000000
8 22 123 0.000000
9 23 123 0.000000
9 22 125 0.000000
9 22 124 0.000000
9 22 123 0.000000
9 21 125 0.224760
9 21 124 0.224760
9 21 123 0.224760
9 20 125 0.371182
9 20 124 0.420949
9 20 123 0.420949
9 19 125 0.499826
9 19 124 0.588566
9 19 123 0.588566
9 18 125 0.635682
9 18 124 0.694427
9 18 123 0.727611
9 17 125 0.757042
9 17 124 0.795445
9 17 123 0.838086
9 16 125 0.856404
9 16 124 0.880736
9 16 123 0.914214
8 23 123 0.000000
8 22 122 0.000000
8 13 121 0.953242
12 9 129 0.224760
8 12 122 0.973320
7 10 119 0.656650
7 9 119 0.588566
7 8 119 0.463094
6 15 119 0.635682
6 15 118 0.499826
6 14 119 0.694427
6 14 118 0.588566
6 13 119 0.770548
6 13 118 0.676177
6 12 119 0.694427
7 11 119 0.694427
6 12 118 0.588566
6 11 118 0.499826
6 10 119 0.588566
6 10 118 0.463094
6 9 119 0.499826
6 9 118 0.371182
6 8 119 0.420949
6 8 118 0.309490
5 15 118 0.463094
5 15 117 0.309490
5 15 116 0.224760
6 11 119 0.635682
7 12 119 0.742754
7 13 119 0.806938
7 14 119 0.742754
5 16 117 0.224760
5 16 116 0.000000
4 18 116 0.000000
4 17 116 0.000000
4 16 116 0.000000
4 16 115 0.000000
7 15 121 0.873015
7 15 120 0.795445
7 14 121 0.901785
7 14 120 0.828223
7 13 121 0.930720
7 13 120 0.873015
7 12 121 0.901785
7 12 120 0.828223
7 11 121 0.873015
7 11 120 0.795445
7 10 121 0.795445
7 10 120 0.742754
7 9 121 0.694427
7 9 120 0.635682
7 8 121 0.588566
7 8 120 0.499826
7 15 119 0.694427
5 14 118 0.561838
5 14 117 0.463094
5 14 116 0.309490
5 13 118 0.613072
4 10 116 0.000000
4 10 115 0.000000
4 9 116 0.000000
4 8 116 0.000000
7 7 121 0.463094
7 7 120 0.371182
7 6 121 0.309490
7 6 120 0.224760
7 5 121 0.224760
7 5 120 0.000000
7 4 121 0.000000
7 4 120 0.000000
7 7 119 0.309490
7 6 119 0.224760
7 5 119 0.000000
6 7 119 0.224760
6 7 118 0.224760
6 6 119 0.000000
6 6 118 0.000000
6 5 119 0.000000
6 5 118 0.000000
5 7 118 0.224760
5 7 117 0.000000
4 11 115 0.000000
5 16 118 0.420949
4 11 116 0.224760
4 12 116 0.224760
5 13 117 0.463094
5 13 116 0.309490
5 12 118 0.561838
5 12 117 0.463094
5 12 116 0.309490
5 11 118 0.463094
5 11 117 0.309490
5 11 116 0.224760
5 10 118 0.420949
5 10 117 0.224760
5 10 116 0.000000
5 9 118 0.309490
5 9 117 0.224760
5 9 116 0.000000
5 8 118 0.224760
5 8 117 0.000000
5 8 116 0.000000
4 15 116 0.224760
4 15 115 0.000000
4 14 116 0.224760
4 14 115 0.000000
4 13 116 0.224760
8 12 123 0.988854
4 12 115 0.000000
5 17 116 0.000000
4 13 115 0.000000
5 17 118 0.309490
11 5 126 0.000000
11 4 126 0.000000
10 7 126 0.420949
10 7 125 0.463094
10 6 126 0.224760
10 6 125 0.309490
10 5 126 0.000000
10 5 125 0.224760
10 4 126 0.000000
10 4 125 0.000000
11 5 127 0.000000
9 7 125 0.499826
9 7 123 0.588566
9 6 125 0.371182
9 6 124 0.420949
9 6 123 0.420949
9 5 125 0.224760
9 5 124 0.224760
9 5 123 0.224760
9 4 125 0.000000
9 4 124 0.000000
9 4 123 0.000000
9 7 124 0.588566
11 6 126 0.224760
11 6 127 0.224760
11 7 126 0.420949
5 17 117 0.224760
8 12 121 0.930720
8 11 123 0.960710
8 11 122 0.930720
8 11 121 0.901785
8 10 123 0.914214
8 10 122 0.873015
8 10 121 0.828223
8 9 123 0.838086
8 9 122 0.795445
8 9 121 0.742754
8 8 123 0.727611
8 8 122 0.694427
8 8 121 0.635682
12 7 129 0.000000
12 7 128 0.000000
12 6 129 0.000000
12 6 128 0.000000
12 5 128 0.000000
11 7 128 0.224760
11 6 128 0.000000
11 5 128 0.000000
11 7 127 0.309490
8 7 123 0.588566
8 7 122 0.588566
12 7 130 0.000000
8 6 123 0.420949
7 18 119 0.463094
7 17 119 0.588566
7 16 119 0.656650
6 21 119 0.000000
6 21 118 0.000000
6 20 119 0.000000
6 20 118 0.000000
6 19 119 0.224760
6 19 118 0.224760
6 18 119 0.420949
6 18 118 0.309490
6 17 119 0.499826
6 17 118 0.371182
6 16 119 0.588566
5 20 118 0.000000
5 20 117 0.000000
5 19 118 0.224760
5 19 117 0.000000
5 19 116 0.000000
5 18 118 0.224760
5 18 117 0.000000
8 7 121 0.499826
5 18 116 0.000000
7 19 119 0.309490
7 20 119 0.224760
6 16 118 0.463094
7 22 119 0.000000
8 6 121 0.371182
8 6 122 0.420949
7 21 119 0.000000
8 5 123 0.224760
8 5 122 0.224760
8 5 121 0.224760
8 4 122 0.000000
8 4 121 0.000000
7 22 121 0.000000
7 22 120 0.000000
7 21 121 0.224760
7 21 120 0.000000
8 4 123 0.000000
7 20 120 0.224760
7 20 121 0.309490
7 17 120 0.635682
7 16 120 0.742754
7 18 120 0.499826
7 17 121 0.694427
7 19 120 0.371182
7 19 121 0.463094
7 18 121 0.588566
7 16 121 0.795445
