51 19 148 0.582107
53 16 148 0.866518
52 23 148 0.000000
52 22 148 0.000000
52 21 148 0.221813
53 17 148 0.776315
52 20 148 0.415849
52 17 148 0.831289
52 18 148 0.720587
52 16 148 0.902146
51 23 148 0.000000
51 22 148 0.000000
53 18 148 0.669281
51 21 148 0.221813
51 20 148 0.415849
52 19 148 0.582107
53 19 148 0.555556
54 22 148 0.000000
53 21 148 0.221813
56 5 148 0.000000
55 22 148 0.000000
51 18 148 0.720587
55 21 148 0.000000
55 20 148 0.221813
55 19 148 0.415849
55 18 148 0.555556
53 20 148 0.415849
55 17 148 0.669281
54 21 148 0.221813
54 20 148 0.305556
54 19 148 0.457602
54 18 148 0.606467
54 17 148 0.735714
54 16 148 0.831289
53 22 148 0.000000
55 16 148 0.750000
51 17 148 0.831289
55 13 148 0.902146
50 22 148 0.000000
55 15 148 0.831289
55 14 148 0.866518
55 12 148 0.866518
55 11 148 0.831289
55 10 148 0.750000
55 9 148 0.669281
55 8 148 0.555556
48 16 148 0.750000
54 15 148 0.888889
54 13 148 0.956139
54 12 148 0.935156
54 11 148 0.888889
54 10 148 0.831289
54 9 148 0.735714
56 6 148 0.221813
54 8 148 0.606467
54 14 148 0.935156
51 16 148 0.902146
48 17 148 0.669281
48 19 148 0.415849
50 21 148 0.221813
50 20 148 0.415849
50 19 148 0.555556
50 18 148 0.669281
50 17 148 0.776315
50 16 148 0.866518
49 22 148 0.000000
48 18 148 0.555556
49 21 148 0.221813
49 19 148 0.457602
49 18 148 0.606467
49 17 148 0.735714
49 16 148 0.831289
48 22 148 0.000000
48 21 148 0.000000
48 20 148 0.221813
49 20 148 0.305556
56 7 148 0.305556
61 15 148 0.000000
57 6 148 0.000000
56 21 148 0.000000
56 20 148 0.221813
56 19 148 0.305556
56 18 148 0.457602
56 17 148 0.555556
56 16 148 0.669281
61 14 148 0.000000
61 13 148 0.000000
61 12 148 0.000000
61 11 148 0.000000
61 10 148 0.000000
60 15 148 0.221813
60 14 148 0.221813
60 13 148 0.221813
60 12 148 0.221813
57 16 148 0.555556
57 17 148 0.457602
57 18 148 0.305556
57 19 148 0.221813
53 15 148 0.935156
61 16 148 0.000000
60 18 148 0.000000
60 17 148 0.000000
60 16 148 0.000000
59 19 148 0.000000
59 18 148 0.000000
60 11 148 0.221813
59 17 148 0.221813
58 20 148 0.000000
58 19 148 0.000000
58 18 148 0.221813
58 17 148 0.305556
58 16 148 0.415849
57 21 148 0.000000
57 20 148 0.000000
59 16 148 0.221813
60 10 148 0.000000
60 9 148 0.000000
60 8 148 0.000000
57 11 148 0.606467
57 10 148 0.555556
57 9 148 0.457602
57 8 148 0.305556
56 15 148 0.735714
56 14 148 0.776315
56 13 148 0.831289
57 12 148 0.669281
56 12 148 0.776315
56 10 148 0.669281
56 9 148 0.555556
56 8 148 0.457602
59 7 148 0.000000
58 7 148 0.000000
58 6 148 0.000000
57 7 148 0.221813
56 11 148 0.735714
57 5 148 0.000000
57 13 148 0.720587
57 15 148 0.606467
59 15 148 0.305556
59 14 148 0.415849
59 13 148 0.415849
59 12 148 0.415849
59 11 148 0.305556
59 10 148 0.221813
59 9 148 0.221813
57 14 148 0.669281
59 8 148 0.000000
58 14 148 0.555556
58 13 148 0.582107
58 12 148 0.555556
58 11 148 0.457602
58 10 148 0.415849
58 9 148 0.305556
58 8 148 0.221813
58 15 148 0.457602
53 14 148 0.972222
53 13 148 0.989499
44 11 148 0.305556
42 16 148 0.000000
47 15 148 0.735714
47 13 148 0.831289
47 12 148 0.776315
47 11 148 0.735714
47 10 148 0.669281
47 9 148 0.555556
47 8 148 0.457602
46 15 148 0.606467
46 14 148 0.669281
46 13 148 0.720587
46 12 148 0.669281
46 11 148 0.606467
46 10 148 0.555556
46 9 148 0.457602
43 16 148 0.000000
43 17 148 0.000000
43 18 148 0.000000
44 16 148 0.221813
47 17 148 0.555556
47 16 148 0.669281
46 21 148 0.000000
46 20 148 0.000000
46 19 148 0.221813
46 18 148 0.305556
46 17 148 0.457602
46 8 148 0.305556
46 16 148 0.555556
45 19 148 0.000000
45 18 148 0.221813
45 17 148 0.305556
45 16 148 0.415849
44 19 148 0.000000
44 18 148 0.000000
44 17 148 0.221813
45 20 148 0.000000
45 15 148 0.457602
45 14 148 0.555556
45 13 148 0.582107
42 15 148 0.000000
42 14 148 0.000000
42 13 148 0.000000
42 12 148 0.000000
42 11 148 0.000000
42 10 148 0.000000
47 7 148 0.305556
43 8 148 0.000000
47 6 148 0.221813
46 7 148 0.221813
46 6 148 0.000000
46 5 148 0.000000
45 7 148 0.000000
45 6 148 0.000000
44 7 148 0.000000
53 12 148 0.972222
47 5 148 0.000000
47 18 148 0.457602
43 9 148 0.000000
43 11 148 0.221813
45 12 148 0.555556
45 11 148 0.457602
45 10 148 0.415849
45 9 148 0.305556
45 8 148 0.221813
44 15 148 0.305556
44 14 148 0.415849
43 10 148 0.000000
44 13 148 0.415849
44 10 148 0.221813
44 9 148 0.221813
44 8 148 0.000000
43 15 148 0.221813
43 14 148 0.221813
43 13 148 0.221813
43 12 148 0.221813
44 12 148 0.415849
47 19 148 0.305556
47 14 148 0.776315
47 21 148 0.000000
50 15 148 0.935156
50 14 148 0.972222
50 13 148 0.989499
50 12 148 0.972222
50 11 148 0.935156
50 10 148 0.866518
50 9 148 0.776315
51 8 148 0.720587
50 8 148 0.669281
49 14 148 0.935156
49 13 148 0.956139
49 12 148 0.935156
49 11 148 0.888889
49 10 148 0.831289
49 9 148 0.735714
49 8 148 0.606467
49 15 148 0.888889
48 15 148 0.831289
51 9 148 0.831289
51 11 148 0.956139
53 11 148 0.935156
53 10 148 0.866518
53 9 148 0.776315
53 8 148 0.669281
52 15 148 0.956139
52 14 148 0.989499
52 13 148 1.000000
51 10 148 0.902146
52 12 148 0.989499
52 10 148 0.902146
52 9 148 0.831289
52 8 148 0.720587
51 15 148 0.956139
51 14 148 0.989499
47 20 148 0.221813
51 12 148 0.989499
52 11 148 0.956139
48 14 148 0.866518
51 13 148 1.000000
48 12 148 0.866518
52 4 148 0.000000
51 7 148 0.582107
51 6 148 0.415849
51 5 148 0.221813
51 4 148 0.000000
50 7 148 0.555556
50 6 148 0.415849
50 5 148 0.221813
48 4 148 0.000000
49 7 148 0.457602
49 6 148 0.305556
49 5 148 0.221813
49 4 148 0.000000
48 7 148 0.415849
48 6 148 0.221813
48 5 148 0.000000
48 13 148 0.902146
52 5 148 0.221813
52 6 148 0.415849
50 4 148 0.000000
53 4 148 0.000000
48 11 148 0.831289
52 7 148 0.582107
48 10 148 0.750000
48 9 148 0.669281
48 8 148 0.555556
55 6 148 0.221813
55 5 148 0.000000
55 4 148 0.000000
55 7 148 0.415849
54 6 148 0.305556
54 5 148 0.221813
54 4 148 0.000000
53 7 148 0.555556
53 5 148 0.221813
54 7 148 0.457602
53 6 148 0.415849
