97 6 119 0.000000
97 7 118 0.224760
97 7 119 0.224760
98 6 117 0.000000
98 7 117 0.000000
98 7 118 0.224760
96 4 121 0.000000
97 6 118 0.000000
96 4 120 0.000000
98 6 118 0.000000
97 5 119 0.000000
92 19 128 0.224760
96 7 119 0.309490
96 6 119 0.224760
96 5 119 0.000000
92 21 128 0.000000
92 20 128 0.000000
92 18 128 0.309490
92 17 128 0.371182
92 16 128 0.499826
91 20 129 0.000000
91 21 128 0.000000
97 5 118 0.000000
96 5 120 0.000000
97 10 118 0.463094
96 6 120 0.224760
97 13 119 0.770548
91 20 128 0.000000
97 13 118 0.676177
97 12 119 0.694427
97 12 118 0.588566
97 11 119 0.635682
97 11 118 0.499826
97 10 119 0.588566
97 9 119 0.499826
97 9 118 0.371182
97 8 119 0.420949
97 8 118 0.309490
96 15 119 0.694427
96 14 119 0.742754
96 13 119 0.806938
96 12 119 0.742754
96 11 119 0.694427
96 10 119 0.656650
96 9 119 0.588566
96 8 119 0.463094
96 7 121 0.463094
96 7 120 0.371182
96 6 121 0.309490
96 5 121 0.224760
91 19 130 0.000000
96 22 120 0.000000
91 19 128 0.000000
95 18 123 0.727611
95 18 122 0.694427
95 18 121 0.635682
95 17 123 0.838086
95 17 122 0.795445
95 17 121 0.742754
95 16 123 0.914214
95 16 122 0.873015
95 16 121 0.828223
94 23 123 0.000000
94 22 125 0.000000
94 22 124 0.000000
94 22 123 0.000000
94 21 125 0.224760
94 21 124 0.224760
94 21 123 0.224760
94 20 125 0.371182
94 20 124 0.420949
94 20 123 0.420949
94 19 125 0.499826
94 19 124 0.588566
94 19 123 0.588566
97 14 118 0.588566
95 19 121 0.499826
91 19 129 0.000000
95 19 122 0.588566
95 20 121 0.371182
91 18 130 0.000000
91 18 129 0.000000
91 18 128 0.224760
91 17 130 0.000000
91 17 129 0.224760
91 17 128 0.309490
91 16 130 0.224760
91 16 129 0.309490
91 16 128 0.463094
90 18 130 0.000000
90 17 131 0.000000
90 17 130 0.000000
90 16 131 0.000000
90 16 130 0.000000
95 23 123 0.000000
95 22 123 0.000000
95 22 122 0.000000
95 22 121 0.000000
95 21 123 0.224760
95 21 122 0.224760
95 21 121 0.224760
95 20 123 0.420949
95 20 122 0.420949
95 19 123 0.588566
97 14 119 0.694427
98 16 118 0.420949
97 15 119 0.635682
94 18 125 0.635682
98 16 117 0.224760
98 16 116 0.000000
97 21 119 0.000000
97 21 118 0.000000
97 20 119 0.000000
97 20 118 0.000000
97 19 119 0.224760
97 19 118 0.224760
97 18 119 0.420949
98 17 116 0.000000
97 18 118 0.309490
97 17 118 0.371182
97 16 119 0.588566
97 16 118 0.463094
96 22 119 0.000000
96 21 119 0.000000
96 20 119 0.224760
96 19 119 0.309490
96 18 119 0.463094
96 17 119 0.588566
96 16 119 0.656650
97 17 119 0.499826
98 17 117 0.224760
98 17 118 0.309490
98 18 116 0.000000
96 21 121 0.224760
96 21 120 0.000000
96 20 121 0.309490
96 20 120 0.224760
96 19 121 0.463094
96 19 120 0.371182
96 18 121 0.588566
96 18 120 0.499826
96 17 121 0.694427
96 17 120 0.635682
96 16 121 0.795445
96 16 120 0.742754
99 18 116 0.000000
99 17 116 0.000000
99 16 116 0.000000
99 16 115 0.000000
98 20 118 0.000000
98 20 117 0.000000
98 19 118 0.224760
98 19 117 0.000000
98 19 116 0.000000
98 18 118 0.224760
98 18 117 0.000000
96 15 121 0.873015
96 15 120 0.795445
96 14 121 0.901785
96 14 120 0.828223
98 15 117 0.309490
98 15 116 0.224760
98 14 118 0.561838
98 14 117 0.463094
98 14 116 0.309490
98 13 118 0.613072
98 13 117 0.463094
98 13 116 0.309490
98 12 118 0.561838
98 12 117 0.463094
98 12 116 0.309490
98 11 118 0.463094
98 11 117 0.309490
98 11 116 0.224760
98 10 118 0.420949
98 10 117 0.224760
98 10 116 0.000000
98 9 118 0.309490
98 9 117 0.224760
98 9 116 0.000000
98 8 118 0.224760
98 8 117 0.000000
98 8 116 0.000000
98 15 118 0.463094
97 15 118 0.499826
99 8 116 0.000000
99 10 115 0.000000
96 13 121 0.930720
96 13 120 0.873015
96 12 121 0.901785
96 12 120 0.828223
96 11 121 0.873015
96 11 120 0.795445
96 10 121 0.795445
96 10 120 0.742754
96 9 121 0.694427
96 9 120 0.635682
96 8 121 0.588566
96 8 120 0.499826
99 15 116 0.224760
99 15 115 0.000000
99 14 116 0.224760
99 14 115 0.000000
99 13 116 0.224760
99 13 115 0.000000
99 12 116 0.224760
99 12 115 0.000000
99 11 116 0.224760
99 11 115 0.000000
99 10 116 0.000000
99 9 116 0.000000
94 18 124 0.694427
90 11 130 0.224760
94 17 125 0.757042
93 13 125 0.953242
93 12 126 0.873015
93 12 125 0.919989
93 11 126 0.806938
93 11 125 0.873015
93 10 126 0.742754
93 10 125 0.806938
93 9 126 0.656650
93 9 125 0.742754
93 8 126 0.588566
93 13 126 0.908150
93 8 125 0.613072
92 15 126 0.770548
92 14 127 0.742754
92 14 126 0.828223
92 13 127 0.783331
92 13 126 0.873015
92 12 127 0.742754
92 12 126 0.828223
92 11 127 0.694427
92 11 126 0.770548
92 10 127 0.588566
92 15 127 0.694427
93 14 125 0.919989
93 14 126 0.873015
93 15 125 0.873015
94 15 123 0.964144
94 14 125 0.944925
94 14 124 0.976023
94 14 123 0.993288
94 13 125 0.976023
94 13 124 0.993288
94 13 123 1.000000
94 12 125 0.944925
94 12 124 0.976023
94 12 123 0.993288
94 11 125 0.908150
94 11 124 0.944925
94 11 123 0.964144
94 10 125 0.856404
94 10 124 0.880736
94 10 123 0.914214
94 9 125 0.757042
94 9 124 0.795445
94 9 123 0.838086
94 8 125 0.635682
94 8 124 0.694427
94 8 123 0.727611
93 15 126 0.806938
92 10 126 0.694427
94 15 124 0.944925
92 9 127 0.499826
92 8 127 0.371182
94 6 123 0.420949
94 5 125 0.224760
94 5 124 0.224760
94 5 123 0.224760
94 4 125 0.000000
94 4 124 0.000000
94 4 123 0.000000
93 7 126 0.420949
93 7 125 0.463094
93 6 126 0.224760
94 6 124 0.420949
93 6 125 0.309490
93 5 125 0.224760
93 4 126 0.000000
93 4 125 0.000000
92 7 127 0.309490
92 7 126 0.420949
92 6 127 0.224760
92 6 126 0.224760
92 5 127 0.000000
92 5 126 0.000000
92 4 126 0.000000
93 5 126 0.000000
94 6 125 0.371182
94 7 123 0.588566
94 7 124 0.588566
92 8 126 0.499826
92 7 128 0.224760
92 6 128 0.000000
92 5 128 0.000000
91 7 130 0.000000
91 7 129 0.000000
91 7 128 0.000000
91 6 129 0.000000
91 6 128 0.000000
91 5 128 0.000000
95 7 123 0.588566
95 7 122 0.588566
95 7 121 0.499826
95 6 123 0.420949
95 6 122 0.420949
95 6 121 0.371182
95 5 123 0.224760
95 5 122 0.224760
95 5 121 0.224760
95 4 123 0.000000
95 4 122 0.000000
95 4 121 0.000000
94 7 125 0.499826
92 9 126 0.588566
94 15 125 0.908150
95 8 121 0.635682
95 8 122 0.694427
92 18 126 0.499826
92 17 127 0.499826
92 17 126 0.588566
92 16 127 0.588566
92 16 126 0.694427
92 15 128 0.588566
92 14 128 0.656650
92 13 128 0.676177
92 12 128 0.656650
92 11 128 0.588566
92 18 127 0.371182
92 10 128 0.499826
92 8 128 0.309490
91 15 130 0.309490
91 15 129 0.371182
91 15 128 0.499826
91 14 130 0.309490
91 14 129 0.463094
91 14 128 0.588566
91 13 130 0.309490
91 13 129 0.463094
91 13 128 0.613072
92 9 128 0.371182
92 19 126 0.420949
92 19 127 0.309490
92 20 126 0.224760
94 17 124 0.795445
94 17 123 0.838086
94 16 125 0.856404
94 16 124 0.880736
94 16 123 0.914214
93 22 126 0.000000
93 22 125 0.000000
93 21 126 0.000000
93 21 125 0.224760
93 20 126 0.224760
93 20 125 0.309490
93 19 126 0.420949
93 19 125 0.463094
93 18 126 0.588566
93 18 125 0.613072
93 17 126 0.656650
93 17 125 0.742754
93 16 126 0.742754
93 16 125 0.806938
92 22 126 0.000000
92 21 127 0.000000
92 21 126 0.000000
92 20 127 0.224760
91 12 130 0.309490
91 12 129 0.463094
91 12 128 0.588566
91 11 130 0.309490
90 8 130 0.000000
95 15 123 0.960710
95 15 122 0.930720
95 15 121 0.901785
95 14 123 0.988854
95 14 122 0.973320
95 14 121 0.930720
95 13 123 0.999531
95 13 122 0.985192
95 13 121 0.953242
95 12 123 0.988854
95 12 122 0.973320
95 12 121 0.930720
95 11 123 0.960710
95 11 122 0.930720
95 11 121 0.901785
95 10 123 0.914214
95 10 122 0.873015
95 10 121 0.828223
95 9 123 0.838086
95 9 122 0.795445
95 9 121 0.742754
95 8 123 0.727611
90 9 130 0.000000
94 18 123 0.727611
90 9 131 0.000000
90 10 131 0.000000
91 11 129 0.371182
91 11 128 0.499826
91 10 130 0.224760
91 10 129 0.309490
91 10 128 0.463094
91 9 130 0.000000
91 9 129 0.224760
91 9 128 0.309490
91 8 130 0.000000
91 8 129 0.000000
91 8 128 0.224760
90 15 131 0.000000
90 15 130 0.224760
90 14 132 0.000000
90 14 131 0.000000
90 14 130 0.224760
90 13 132 0.000000
90 13 131 0.000000
90 13 130 0.224760
90 12 132 0.000000
90 12 131 0.000000
90 12 130 0.224760
90 11 131 0.000000
90 10 130 0.000000
96 22 121 0.000000
