52 23 4 0.000000
52 22 4 0.000000
52 21 4 0.221813
52 20 4 0.415849
52 19 4 0.582107
53 16 4 0.866518
56 5 4 0.000000
52 17 4 0.831289
52 16 4 0.902146
51 23 4 0.000000
51 22 4 0.000000
51 21 4 0.221813
53 17 4 0.776315
51 20 4 0.415849
51 19 4 0.582107
52 18 4 0.720587
53 18 4 0.669281
54 22 4 0.000000
53 20 4 0.415849
55 22 4 0.000000
51 18 4 0.720587
55 21 4 0.000000
55 20 4 0.221813
55 19 4 0.415849
55 18 4 0.555556
55 17 4 0.669281
53 19 4 0.555556
55 16 4 0.750000
54 20 4 0.305556
54 19 4 0.457602
54 18 4 0.606467
54 17 4 0.735714
54 16 4 0.831289
53 22 4 0.000000
53 21 4 0.221813
54 21 4 0.221813
51 17 4 0.831289
55 13 4 0.902146
50 22 4 0.000000
55 15 4 0.831289
55 14 4 0.866518
55 12 4 0.866518
55 11 4 0.831289
55 10 4 0.750000
55 9 4 0.669281
55 8 4 0.555556
48 16 4 0.750000
54 15 4 0.888889
54 13 4 0.956139
54 12 4 0.935156
54 11 4 0.888889
54 10 4 0.831289
54 9 4 0.735714
56 6 4 0.221813
54 8 4 0.606467
54 14 4 0.935156
51 16 4 0.902146
48 17 4 0.669281
48 19 4 0.415849
50 21 4 0.221813
50 20 4 0.415849
50 19 4 0.555556
50 18 4 0.669281
50 17 4 0.776315
50 16 4 0.866518
49 22 4 0.000000
48 18 4 0.555556
49 21 4 0.221813
49 19 4 0.457602
49 18 4 0.606467
49 17 4 0.735714
49 16 4 0.831289
48 22 4 0.000000
48 21 4 0.000000
48 20 4 0.221813
49 20 4 0.305556
56 7 4 0.305556
61 15 4 0.000000
57 6 4 0.000000
56 21 4 0.000000
56 20 4 0.221813
56 19 4 0.305556
56 18 4 0.457602
56 17 4 0.555556
56 16 4 0.669281
61 14 4 0.000000
61 13 4 0.000000
61 12 4 0.000000
61 11 4 0.000000
61 10 4 0.000000
60 15 4 0.221813
60 14 4 0.221813
60 13 4 0.221813
60 12 4 0.221813
57 16 4 0.555556
57 17 4 0.457602
57 18 4 0.305556
57 19 4 0.221813
53 15 4 0.935156
61 16 4 0.000000
60 18 4 0.000000
60 17 4 0.000000
60 16 4 0.000000
59 19 4 0.000000
59 18 4 0.000000
60 11 4 0.221813
59 17 4 0.221813
58 20 4 0.000000
58 19 4 0.000000
58 18 4 0.221813
58 17 4 0.305556
58 16 4 0.415849
57 21 4 0.000000
57 20 4 0.000000
59 16 4 0.221813
60 10 4 0.000000
60 9 4 0.000000
60 8 4 0.000000
57 11 4 0.606467
57 10 4 0.555556
57 9 4 0.457602
57 8 4 0.305556
56 15 4 0.735714
56 14 4 0.776315
56 13 4 0.831289
57 12 4 0.669281
56 12 4 0.776315
56 10 4 0.669281
56 9 4 0.555556
56 8 4 0.457602
59 7 4 0.000000
58 7 4 0.000000
58 6 4 0.000000
57 7 4 0.221813
56 11 4 0.735714
57 5 4 0.000000
57 13 4 0.720587
57 15 4 0.606467
59 15 4 0.305556
59 14 4 0.415849
59 13 4 0.415849
59 12 4 0.415849
59 11 4 0.305556
59 10 4 0.221813
59 9 4 0.221813
57 14 4 0.669281
59 8 4 0.000000
58 14 4 0.555556
58 13 4 0.582107
58 12 4 0.555556
58 11 4 0.457602
58 10 4 0.415849
58 9 4 0.305556
58 8 4 0.221813
58 15 4 0.457602
53 14 4 0.972222
53 13 4 0.989499
44 11 4 0.305556
42 16 4 0.000000
47 15 4 0.735714
47 13 4 0.831289
47 12 4 0.776315
47 11 4 0.735714
47 10 4 0.669281
47 9 4 0.555556
47 8 4 0.457602
46 15 4 0.606467
46 14 4 0.669281
46 13 4 0.720587
46 12 4 0.669281
46 11 4 0.606467
46 10 4 0.555556
46 9 4 0.457602
43 16 4 0.000000
43 17 4 0.000000
43 18 4 0.000000
44 16 4 0.221813
47 17 4 0.555556
47 16 4 0.669281
46 21 4 0.000000
46 20 4 0.000000
46 19 4 0.221813
46 18 4 0.305556
46 17 4 0.457602
46 8 4 0.305556
46 16 4 0.555556
45 19 4 0.000000
45 18 4 0.221813
45 17 4 0.305556
45 16 4 0.415849
44 19 4 0.000000
44 18 4 0.000000
44 17 4 0.221813
45 20 4 0.000000
45 15 4 0.457602
45 14 4 0.555556
45 13 4 0.582107
42 15 4 0.000000
42 14 4 0.000000
42 13 4 0.000000
42 12 4 0.000000
42 11 4 0.000000
42 10 4 0.000000
47 7 4 0.305556
43 8 4 0.000000
47 6 4 0.221813
46 7 4 0.221813
46 6 4 0.000000
46 5 4 0.000000
45 7 4 0.000000
45 6 4 0.000000
44 7 4 0.000000
53 12 4 0.972222
47 5 4 0.000000
47 18 4 0.457602
43 9 4 0.000000
43 11 4 0.221813
45 12 4 0.555556
45 11 4 0.457602
45 10 4 0.415849
45 9 4 0.305556
45 8 4 0.221813
44 15 4 0.305556
44 14 4 0.415849
43 10 4 0.000000
44 13 4 0.415849
44 10 4 0.221813
44 9 4 0.221813
44 8 4 0.000000
43 15 4 0.221813
43 14 4 0.221813
43 13 4 0.221813
43 12 4 0.221813
44 12 4 0.415849
47 19 4 0.305556
47 14 4 0.776315
47 21 4 0.000000
50 15 4 0.935156
50 14 4 0.972222
50 13 4 0.989499
50 12 4 0.972222
50 11 4 0.935156
50 10 4 0.866518
50 9 4 0.776315
51 8 4 0.720587
50 8 4 0.669281
49 14 4 0.935156
49 13 4 0.956139
49 12 4 0.935156
49 11 4 0.888889
49 10 4 0.831289
49 9 4 0.735714
49 8 4 0.606467
49 15 4 0.888889
48 15 4 0.831289
51 9 4 0.831289
51 11 4 0.956139
53 11 4 0.935156
53 10 4 0.866518
53 9 4 0.776315
53 8 4 0.669281
52 15 4 0.956139
52 14 4 0.989499
52 13 4 1.000000
51 10 4 0.902146
52 12 4 0.989499
52 10 4 0.902146
52 9 4 0.831289
52 8 4 0.720587
51 15 4 0.956139
51 14 4 0.989499
51 13 4 1.000000
47 20 4 0.221813
52 11 4 0.956139
48 14 4 0.866518
51 12 4 0.989499
48 12 4 0.866518
52 4 4 0.000000
51 7 4 0.582107
51 6 4 0.415849
51 5 4 0.221813
51 4 4 0.000000
50 7 4 0.555556
50 6 4 0.415849
50 5 4 0.221813
48 4 4 0.000000
49 7 4 0.457602
49 6 4 0.305556
49 5 4 0.221813
49 4 4 0.000000
48 7 4 0.415849
48 6 4 0.221813
48 5 4 0.000000
48 13 4 0.902146
52 5 4 0.221813
52 6 4 0.415849
50 4 4 0.000000
53 4 4 0.000000
48 11 4 0.831289
52 7 4 0.582107
48 10 4 0.750000
48 9 4 0.669281
48 8 4 0.555556
55 6 4 0.221813
55 5 4 0.000000
55 4 4 0.000000
55 7 4 0.415849
54 6 4 0.305556
54 5 4 0.221813
54 4 4 0.000000
53 7 4 0.555556
53 5 4 0.221813
54 7 4 0.457602
53 6 4 0.415849
