96 4 76 0.000000
96 4 77 0.000000
96 5 76 0.227830
96 6 76 0.313585
96 6 77 0.227830
96 7 77 0.375966
95 23 74 0.000000
96 7 76 0.468797
96 5 77 0.000000
95 22 76 0.000000
95 20 74 0.426248
95 22 74 0.000000
95 21 76 0.227830
95 21 75 0.227830
95 21 74 0.227830
95 20 76 0.375966
95 20 75 0.426248
95 19 76 0.505853
95 19 75 0.595254
95 18 76 0.642635
95 19 74 0.595254
95 22 75 0.000000
97 4 77 0.000000
96 11 77 0.750000
97 5 78 0.000000
96 14 77 0.802614
95 18 75 0.701603
96 14 76 0.879624
96 13 77 0.835236
96 13 76 0.907967
96 12 77 0.802614
96 12 76 0.879624
96 11 76 0.835236
96 10 77 0.701603
96 10 76 0.777777
96 9 77 0.595254
96 9 76 0.701603
96 8 77 0.505853
96 8 76 0.595254
98 7 80 0.000000
98 7 79 0.000000
98 6 79 0.000000
97 7 79 0.000000
97 7 78 0.227830
97 7 77 0.313585
97 6 79 0.000000
97 6 78 0.000000
97 6 77 0.227830
97 5 77 0.000000
95 18 74 0.734848
99 16 81 0.000000
95 17 75 0.802614
93 22 72 0.000000
93 21 72 0.227830
93 20 72 0.426248
93 19 72 0.568347
93 18 72 0.683298
93 17 72 0.777777
93 16 72 0.854341
93 22 71 0.000000
93 22 70 0.000000
93 21 71 0.227830
93 21 70 0.000000
93 20 71 0.313585
93 20 70 0.227830
93 19 71 0.468797
93 19 70 0.375966
93 18 71 0.595254
93 18 70 0.505853
93 17 71 0.701603
93 17 70 0.642635
93 16 71 0.802614
93 16 70 0.701603
92 22 70 0.000000
96 15 76 0.835236
94 16 72 0.879624
95 17 76 0.750000
94 16 73 0.920154
94 17 72 0.802614
95 17 74 0.845031
95 16 76 0.814064
95 16 75 0.879624
95 16 74 0.920154
94 23 74 0.000000
94 23 73 0.000000
94 22 74 0.000000
94 22 73 0.000000
94 22 72 0.000000
94 21 74 0.227830
94 21 73 0.227830
94 21 72 0.227830
94 20 74 0.426248
94 20 73 0.426248
94 20 72 0.426248
94 19 74 0.595254
94 19 73 0.595254
94 19 72 0.595254
94 18 74 0.734848
94 18 73 0.734848
94 18 72 0.701603
94 17 74 0.845031
94 17 73 0.845031
94 16 74 0.925802
96 15 77 0.750000
97 17 78 0.468797
97 8 78 0.313585
97 17 77 0.568347
97 16 79 0.375966
97 16 78 0.505853
97 16 77 0.642635
96 22 77 0.000000
96 22 76 0.000000
96 21 77 0.000000
96 21 76 0.227830
96 20 77 0.227830
96 20 76 0.313585
92 21 70 0.000000
96 19 77 0.375966
96 18 77 0.505853
96 18 76 0.595254
96 17 77 0.595254
96 17 76 0.701603
96 16 77 0.701603
96 16 76 0.777777
99 15 82 0.000000
99 15 81 0.000000
99 14 82 0.000000
99 14 81 0.000000
96 19 76 0.468797
97 17 79 0.313585
97 18 77 0.468797
97 18 78 0.313585
98 19 80 0.000000
98 18 81 0.000000
98 18 80 0.000000
98 17 81 0.000000
98 17 80 0.000000
98 16 81 0.000000
98 16 80 0.227830
98 20 79 0.000000
98 19 79 0.000000
98 18 79 0.227830
98 17 79 0.227830
98 16 79 0.313585
97 22 77 0.000000
97 21 79 0.000000
97 21 78 0.000000
97 21 77 0.000000
97 20 79 0.000000
97 20 78 0.000000
97 20 77 0.227830
97 19 79 0.000000
97 19 78 0.227830
97 19 77 0.313585
97 18 79 0.227830
99 13 82 0.000000
99 13 81 0.000000
99 12 82 0.000000
99 12 81 0.000000
98 8 79 0.227830
97 15 79 0.468797
97 15 78 0.595254
97 15 77 0.701603
97 14 79 0.505853
97 14 78 0.642635
97 14 77 0.764286
97 13 79 0.568347
97 13 78 0.683298
97 13 77 0.790535
97 12 79 0.505853
97 12 78 0.642635
97 12 77 0.764286
97 11 79 0.468797
97 11 78 0.595254
97 11 77 0.701603
97 10 79 0.375966
97 10 78 0.505853
97 10 77 0.642635
97 9 79 0.313585
97 9 78 0.468797
97 9 77 0.568347
97 8 79 0.227830
98 9 79 0.227830
97 8 77 0.468797
98 10 79 0.313585
98 12 79 0.468797
99 11 82 0.000000
99 11 81 0.000000
99 10 81 0.000000
99 9 81 0.000000
98 15 81 0.000000
98 15 80 0.227830
98 14 81 0.227830
98 14 80 0.313585
98 13 81 0.227830
98 13 80 0.313585
98 12 81 0.227830
98 12 80 0.313585
98 11 81 0.000000
98 11 80 0.227830
98 10 81 0.000000
98 10 80 0.227830
98 9 81 0.000000
98 9 80 0.000000
98 8 81 0.000000
98 8 80 0.000000
98 15 79 0.426248
98 14 79 0.468797
98 13 79 0.468797
98 11 79 0.426248
92 21 69 0.000000
94 8 72 0.642635
92 20 69 0.000000
91 9 69 0.426248
91 9 68 0.227830
91 9 67 0.000000
91 8 69 0.313585
91 8 68 0.227830
91 8 67 0.000000
90 15 67 0.227830
90 15 66 0.000000
90 15 65 0.000000
90 14 67 0.227830
91 10 67 0.227830
90 14 66 0.000000
90 13 67 0.227830
90 13 66 0.000000
90 13 65 0.000000
90 12 67 0.227830
90 12 66 0.000000
90 12 65 0.000000
90 11 67 0.227830
90 11 66 0.000000
90 11 65 0.000000
90 10 67 0.000000
90 14 65 0.000000
91 10 68 0.313585
91 10 69 0.468797
91 11 67 0.313585
92 12 69 0.663697
92 11 70 0.701603
92 11 69 0.595254
92 10 70 0.642635
92 10 69 0.505853
92 9 70 0.595254
92 9 69 0.468797
92 8 70 0.468797
92 8 69 0.375966
91 15 69 0.505853
91 15 68 0.375966
91 15 67 0.313585
91 14 69 0.595254
91 14 68 0.468797
91 14 67 0.313585
91 13 69 0.619906
91 13 68 0.468797
91 13 67 0.313585
91 12 69 0.595254
91 12 68 0.468797
91 12 67 0.313585
91 11 69 0.505853
91 11 68 0.375966
90 10 66 0.000000
92 12 70 0.750000
90 9 67 0.000000
90 8 67 0.000000
93 4 72 0.000000
93 7 71 0.426248
93 7 70 0.375966
93 6 71 0.227830
93 6 70 0.227830
93 5 71 0.000000
93 5 70 0.000000
93 4 71 0.000000
93 4 70 0.000000
92 7 70 0.313585
93 5 72 0.227830
92 7 69 0.227830
92 6 69 0.000000
92 5 70 0.000000
92 5 69 0.000000
91 7 69 0.227830
91 7 68 0.000000
91 7 67 0.000000
91 6 69 0.000000
91 6 68 0.000000
91 5 69 0.000000
90 7 67 0.000000
92 6 70 0.227830
93 6 72 0.313585
93 7 72 0.468797
94 4 72 0.000000
95 7 76 0.505853
95 7 75 0.595254
95 7 74 0.595254
95 6 76 0.375966
95 6 75 0.426248
95 6 74 0.426248
95 5 76 0.227830
95 5 75 0.227830
95 5 74 0.227830
95 4 76 0.000000
95 4 75 0.000000
95 4 74 0.000000
94 7 74 0.595254
94 7 73 0.595254
94 7 72 0.505853
94 6 74 0.426248
94 6 73 0.426248
94 6 72 0.375966
94 5 74 0.227830
94 5 73 0.227830
94 5 72 0.227830
94 4 74 0.000000
94 4 73 0.000000
90 9 66 0.000000
92 13 69 0.683298
92 13 70 0.790535
92 14 69 0.663697
90 16 67 0.000000
90 16 66 0.000000
95 15 76 0.879624
95 15 75 0.925802
95 15 74 0.965214
95 14 76 0.914214
95 14 75 0.958060
95 14 74 0.988148
95 13 76 0.936266
95 13 75 0.977161
90 17 66 0.000000
95 13 74 0.997205
95 12 75 0.958060
95 12 74 0.988148
95 11 76 0.879624
95 11 75 0.925802
95 11 74 0.965214
95 10 76 0.814064
95 10 75 0.879624
95 10 74 0.920154
95 9 76 0.750000
95 9 75 0.802614
95 12 76 0.914214
90 17 67 0.000000
90 18 67 0.000000
90 19 67 0.000000
92 19 70 0.313585
92 19 69 0.227830
92 18 70 0.468797
92 18 69 0.375966
92 17 70 0.595254
92 17 69 0.468797
92 16 70 0.642635
92 16 69 0.505853
91 21 69 0.000000
91 20 69 0.000000
91 20 68 0.000000
91 19 69 0.227830
91 19 68 0.000000
91 19 67 0.000000
91 18 69 0.313585
91 18 68 0.227830
91 18 67 0.000000
91 17 69 0.426248
91 17 68 0.227830
91 17 67 0.000000
91 16 69 0.468797
91 16 68 0.313585
91 16 67 0.227830
95 9 74 0.845031
95 8 76 0.642635
95 8 75 0.701603
95 8 74 0.734848
93 11 72 0.907967
93 10 72 0.854341
93 9 72 0.750000
93 8 72 0.619906
93 15 71 0.835236
93 15 70 0.750000
93 14 71 0.879624
93 14 70 0.814064
93 13 71 0.914214
93 13 70 0.845031
93 12 71 0.879624
93 12 70 0.814064
93 11 71 0.835236
93 11 70 0.750000
93 10 71 0.802614
93 10 70 0.701603
93 9 71 0.701603
93 9 70 0.642635
93 8 71 0.595254
93 8 70 0.505853
92 15 70 0.701603
92 15 69 0.595254
92 14 70 0.750000
93 12 72 0.936266
92 20 70 0.227830
93 13 72 0.958060
93 15 72 0.907967
94 15 74 0.977161
94 15 73 0.965214
94 15 72 0.936266
94 14 74 0.995304
94 14 73 0.988148
94 14 72 0.958060
94 13 74 1.000000
94 13 73 0.997205
94 13 72 0.979692
94 12 74 0.995304
94 12 73 0.988148
94 12 72 0.958060
94 11 74 0.968486
94 11 73 0.950045
94 11 72 0.936266
94 10 74 0.920154
94 10 73 0.887246
94 10 72 0.863193
94 9 74 0.845031
94 9 73 0.802614
94 9 72 0.764286
94 8 74 0.734848
94 8 73 0.701603
93 14 72 0.936266
99 17 81 0.000000
