5 7 79 0.000000
8 15 74 0.965214
8 14 76 0.914214
8 14 75 0.958060
8 14 74 0.988148
8 13 76 0.936266
8 13 75 0.977161
8 13 74 0.997205
8 12 76 0.914214
8 12 75 0.958060
8 12 74 0.988148
8 15 76 0.879624
8 11 76 0.879624
8 11 74 0.965214
8 10 76 0.814064
8 10 75 0.879624
8 10 74 0.920154
8 9 76 0.750000
8 9 75 0.802614
8 9 74 0.845031
8 8 76 0.642635
8 8 75 0.701603
8 8 74 0.734848
8 11 75 0.925802
9 8 72 0.642635
9 8 73 0.701603
9 8 74 0.734848
10 9 72 0.750000
10 8 72 0.619906
9 15 74 0.977161
9 15 73 0.965214
9 15 72 0.936266
9 14 74 0.995304
9 14 73 0.988148
9 14 72 0.958060
9 13 74 1.000000
9 13 73 0.997205
9 13 72 0.979692
9 12 74 0.995304
9 12 73 0.988148
9 12 72 0.958060
9 11 74 0.968486
9 11 73 0.950045
9 11 72 0.936266
9 10 74 0.920154
9 10 73 0.887246
9 10 72 0.863193
9 9 74 0.845031
9 9 73 0.802614
9 9 72 0.764286
13 15 67 0.227830
10 10 72 0.854341
13 15 66 0.000000
13 14 67 0.227830
12 12 67 0.313585
12 11 69 0.505853
12 11 68 0.375966
12 11 67 0.313585
12 10 69 0.468797
12 10 68 0.313585
12 10 67 0.227830
12 9 69 0.426248
12 9 68 0.227830
12 9 67 0.000000
12 12 68 0.468797
12 8 69 0.313585
12 8 67 0.000000
11 15 70 0.701603
11 15 69 0.595254
11 14 70 0.750000
11 14 69 0.663697
11 13 70 0.790535
11 13 69 0.683298
11 12 70 0.750000
11 12 69 0.663697
11 11 70 0.701603
12 8 68 0.227830
12 12 69 0.595254
12 13 67 0.313585
12 13 68 0.468797
13 14 66 0.000000
13 14 65 0.000000
13 13 67 0.227830
13 13 66 0.000000
13 13 65 0.000000
13 12 67 0.227830
13 12 66 0.000000
13 12 65 0.000000
13 11 67 0.227830
13 11 66 0.000000
13 11 65 0.000000
13 10 67 0.000000
13 10 66 0.000000
13 9 67 0.000000
13 9 66 0.000000
13 8 67 0.000000
12 15 69 0.505853
12 15 68 0.375966
12 15 67 0.313585
12 14 69 0.595254
12 14 68 0.468797
12 14 67 0.313585
12 13 69 0.619906
13 15 65 0.000000
11 11 69 0.595254
10 11 72 0.907967
10 13 72 0.958060
9 16 74 0.925802
9 16 73 0.920154
9 16 72 0.879624
8 23 74 0.000000
8 22 76 0.000000
8 22 75 0.000000
8 22 74 0.000000
8 21 76 0.227830
8 21 75 0.227830
8 21 74 0.227830
9 17 72 0.802614
8 20 76 0.375966
8 20 74 0.426248
8 19 76 0.505853
8 19 75 0.595254
8 19 74 0.595254
8 18 76 0.642635
8 18 75 0.701603
8 18 74 0.734848
8 17 76 0.750000
8 17 75 0.802614
8 17 74 0.845031
8 20 75 0.426248
9 17 73 0.845031
9 17 74 0.845031
9 18 72 0.701603
10 22 72 0.000000
10 21 72 0.227830
10 20 72 0.426248
10 19 72 0.568347
10 18 72 0.683298
10 17 72 0.777777
10 16 72 0.854341
9 23 74 0.000000
9 23 73 0.000000
9 22 74 0.000000
9 22 73 0.000000
9 22 72 0.000000
9 21 74 0.227830
9 21 73 0.227830
9 21 72 0.227830
9 20 74 0.426248
9 20 73 0.426248
9 20 72 0.426248
9 19 74 0.595254
9 19 73 0.595254
9 19 72 0.595254
9 18 74 0.734848
9 18 73 0.734848
8 16 76 0.814064
10 12 72 0.936266
8 16 75 0.879624
13 19 67 0.000000
11 18 70 0.468797
11 18 69 0.375966
11 17 70 0.595254
11 17 69 0.468797
11 16 70 0.642635
11 16 69 0.505853
10 22 71 0.000000
10 22 70 0.000000
10 21 71 0.227830
10 21 70 0.000000
11 19 69 0.227830
10 20 71 0.313585
10 19 71 0.468797
10 19 70 0.375966
10 18 71 0.595254
10 18 70 0.505853
10 17 71 0.701603
10 17 70 0.642635
10 16 71 0.802614
10 16 70 0.701603
10 15 72 0.907967
10 14 72 0.936266
10 20 70 0.227830
11 19 70 0.313585
11 20 69 0.000000
11 20 70 0.227830
13 18 67 0.000000
13 17 67 0.000000
13 17 66 0.000000
13 16 67 0.000000
13 16 66 0.000000
12 21 69 0.000000
12 20 69 0.000000
12 20 68 0.000000
12 19 69 0.227830
12 19 68 0.000000
12 19 67 0.000000
12 18 69 0.313585
12 18 68 0.227830
12 18 67 0.000000
12 17 69 0.426248
12 17 68 0.227830
12 17 67 0.000000
12 16 69 0.468797
12 16 68 0.313585
12 16 67 0.227830
11 22 70 0.000000
11 21 70 0.000000
11 21 69 0.000000
8 16 74 0.920154
11 10 70 0.642635
8 15 75 0.925802
11 9 70 0.595254
4 14 82 0.000000
4 14 81 0.000000
4 13 82 0.000000
4 13 81 0.000000
4 12 82 0.000000
4 12 81 0.000000
4 11 82 0.000000
4 11 81 0.000000
4 10 81 0.000000
4 9 81 0.000000
4 15 81 0.000000
7 15 77 0.750000
7 14 77 0.802614
7 14 76 0.879624
7 13 77 0.835236
7 13 76 0.907967
7 12 77 0.802614
7 12 76 0.879624
7 11 77 0.750000
7 11 76 0.835236
7 10 77 0.701603
7 10 76 0.777777
7 15 76 0.835236
4 15 82 0.000000
5 8 80 0.000000
5 8 81 0.000000
6 17 77 0.568347
6 16 79 0.375966
6 16 78 0.505853
6 16 77 0.642635
5 20 79 0.000000
5 19 79 0.000000
5 18 79 0.227830
5 17 79 0.227830
5 16 79 0.313585
5 15 81 0.000000
5 15 80 0.227830
5 14 81 0.227830
5 14 80 0.313585
5 13 81 0.227830
5 13 80 0.313585
5 12 81 0.227830
5 12 80 0.313585
5 11 81 0.000000
5 11 80 0.227830
5 10 81 0.000000
5 10 80 0.227830
5 9 81 0.000000
5 9 80 0.000000
7 9 77 0.595254
7 9 76 0.701603
7 8 77 0.505853
7 8 76 0.595254
5 12 79 0.468797
5 11 79 0.426248
5 10 79 0.313585
5 9 79 0.227830
5 8 79 0.227830
5 7 80 0.000000
7 7 77 0.375966
7 7 76 0.468797
7 6 77 0.227830
7 6 76 0.313585
7 5 77 0.000000
7 5 76 0.227830
7 4 77 0.000000
7 4 76 0.000000
6 7 79 0.000000
6 7 78 0.227830
6 7 77 0.313585
6 6 79 0.000000
6 6 78 0.000000
6 6 77 0.227830
6 5 78 0.000000
6 5 77 0.000000
6 4 77 0.000000
5 13 79 0.468797
6 17 78 0.468797
5 14 79 0.468797
6 8 77 0.468797
6 15 79 0.468797
6 15 78 0.595254
6 15 77 0.701603
6 14 79 0.505853
6 14 78 0.642635
6 14 77 0.764286
6 13 79 0.568347
6 13 78 0.683298
6 13 77 0.790535
6 12 79 0.505853
6 12 78 0.642635
6 12 77 0.764286
6 11 79 0.468797
6 11 78 0.595254
6 11 77 0.701603
6 10 79 0.375966
6 10 78 0.505853
6 10 77 0.642635
6 9 79 0.313585
6 9 78 0.468797
6 9 77 0.568347
6 8 79 0.227830
11 10 69 0.505853
5 15 79 0.426248
6 17 79 0.313585
6 8 78 0.313585
6 18 78 0.313585
9 6 73 0.426248
9 6 72 0.375966
9 5 74 0.227830
9 5 73 0.227830
9 5 72 0.227830
9 4 74 0.000000
9 4 73 0.000000
9 4 72 0.000000
8 7 76 0.505853
8 7 75 0.595254
9 6 74 0.426248
8 7 74 0.595254
8 6 75 0.426248
8 6 74 0.426248
8 5 76 0.227830
8 5 75 0.227830
8 5 74 0.227830
8 4 76 0.000000
8 4 75 0.000000
8 4 74 0.000000
13 7 67 0.000000
12 7 69 0.227830
8 6 76 0.375966
9 7 72 0.505853
9 7 73 0.595254
9 7 74 0.595254
6 18 77 0.468797
11 9 69 0.468797
11 8 70 0.468797
11 8 69 0.375966
10 15 71 0.835236
10 15 70 0.750000
10 14 71 0.879624
10 14 70 0.814064
10 13 71 0.914214
10 13 70 0.845031
10 12 71 0.879624
10 12 70 0.814064
10 11 71 0.835236
10 11 70 0.750000
10 10 70 0.701603
10 9 71 0.701603
10 9 70 0.642635
10 8 71 0.595254
10 8 70 0.505853
10 7 72 0.468797
10 6 72 0.313585
10 5 72 0.227830
10 4 72 0.000000
12 7 68 0.000000
12 7 67 0.000000
10 10 71 0.802614
12 6 68 0.000000
7 21 77 0.000000
7 21 76 0.227830
7 20 77 0.227830
7 20 76 0.313585
7 19 77 0.375966
7 19 76 0.468797
7 18 77 0.505853
7 18 76 0.595254
7 17 77 0.595254
7 17 76 0.701603
7 16 77 0.701603
7 16 76 0.777777
6 22 77 0.000000
6 21 79 0.000000
6 21 77 0.000000
6 20 79 0.000000
6 20 78 0.000000
6 20 77 0.227830
6 19 79 0.000000
6 19 78 0.227830
6 19 77 0.313585
12 6 69 0.000000
6 18 79 0.227830
7 22 76 0.000000
7 22 77 0.000000
6 21 78 0.000000
11 5 70 0.000000
12 5 69 0.000000
11 7 69 0.227830
11 6 70 0.227830
11 6 69 0.000000
11 7 70 0.313585
11 5 69 0.000000
10 7 71 0.426248
10 7 70 0.375966
10 6 71 0.227830
10 5 71 0.000000
10 5 70 0.000000
10 6 70 0.227830
5 17 80 0.000000
4 17 81 0.000000
5 16 80 0.227830
5 16 81 0.000000
10 4 71 0.000000
5 17 81 0.000000
4 16 81 0.000000
5 18 81 0.000000
5 19 80 0.000000
10 4 70 0.000000
5 18 80 0.000000
